0 0 2.000000 1.823255 4.433886 -4.552284 1.858523 13.410495 -2.115488 1 0 2.000000 1.823255 4.433886 -4.650955 1.766774 13.581085 -2.121565 2 0 2.000000 1.823255 4.433886 -4.749625 1.675025 13.751675 -2.127642 3 0 2.000000 1.823255 4.433886 -4.848295 1.583277 13.922264 -2.133719 4 0 2.000000 1.823255 4.433886 -4.934786 1.601945 14.098646 -2.139796
5 0 2.000000 1.823255 4.433886 -5.021277 1.620613 14.275029 -2.145873 6 0 2.000000 1.823255 4.433886 -5.118224 1.597464 14.439823 -2.147267 7 0 2.000000 1.823255 4.433886 -5.214711 1.617953 14.604162 -2.148660 8 0 2.000000 1.823255 4.433886 -5.310908 1.665835 14.768214 -2.150054 9 0 2.000000 1.823255 4.433886 -5.407646 1.662509 14.932802 -2.151447
10 0 2.000000 1.823255 4.433886 -5.503235 1.767942 15.096252 -2.152841 11 0 2.000000 1.823255 4.433886 -5.584318 1.770644 15.238743 -2.155689 12 0 2.000000 1.823255 4.433886 -5.665401 1.773347 15.381234 -2.158537 13 0 2.000000 1.823255 4.433886 -5.746484 1.776050 15.523726 -2.161385 14 0 2.000000 1.823255 4.433886 -5.827567 1.778753 15.666217 -2.164233
15 0 2.000000 1.823255 4.433886 -5.908650 1.781455 15.808708 -2.167082 16 0 2.000000 1.823255 4.433886 -5.981431 1.653812 15.935761 -2.160770 17 0 2.000000 1.823255 4.433886 -6.051844 1.750316 16.060472 -2.154458 18 0 2.000000 1.823255 4.433886 -6.100129 1.884195 16.199139 -2.148146 19 0 2.000000 1.823255 4.433886 -6.148414 2.018074 16.337805 -2.141834
20 0 2.000000 1.823255 4.433886 -6.196699 2.151953 16.476472 -2.135522 21 0 2.000000 1.823255 4.433886 -6.184840 2.109358 16.620804 -2.115769 22 0 2.000000 1.823255 4.433886 -6.173353 2.031611 16.765504 -2.096016 23 0 2.000000 1.823255 4.433886 -6.161866 1.953864 16.910204 -2.076262 24 0 2.000000 1.823255 4.433886 -6.149430 1.965950 17.053965 -2.056509
25 0 2.000000 1.823255 4.433886 -6.136993 1.978037 17.197726 -2.036756 26 0 2.000000 1.823255 4.433886 -6.072986 1.753010 17.360436 -2.007943 27 0 2.000000 1.823255 4.433886 -6.007883 1.631726 17.522061 -1.979131 28 0 2.000000 1.823255 4.433886 -5.941016 1.677461 17.681942 -1.950319 29 0 2.000000 1.823255 4.433886 -5.850514 1.692951 17.857237 -1.921507
30 0 2.000000 1.823255 4.433886 -5.759661 1.741767 18.032184 -1.892695 31 0 2.000000 1.823255 4.433886 -5.570381 1.717663 18.206312 -1.843510 32 0 2.000000 1.823255 4.433886 -5.394201 1.705520 18.369245 -1.806513 33 0 2.000000 1.823255 4.433886 -5.176517 1.718598 18.537312 -1.767138 34 0 2.000000 1.823255 4.433886 -4.971489 1.683825 18.675023 -1.731800
35 0 2.000000 1.823255 4.433886 -4.740171 1.703393 18.778498 -1.677493 36 0 2.000000 1.823255 4.433886 -4.448687 1.661889 18.912463 -1.632032 37 0 2.000000 1.823255 4.433886 -4.157203 1.620386 19.046428 -1.586571 38 0 2.000000 1.823255 4.433886 -3.808993 1.651402 19.120641 -1.549703 39 0 2.000000 1.823255 4.433886 -3.460783 1.682418 19.194854 -1.512835
40 0 2.000000 1.823255 4.433886 -3.112573 1.713435 19.269068 -1.475967 41 0 2.000000 1.823255 4.433886 -2.676493 1.749317 19.291872 -1.439670 42 0 2.000000 1.823255 4.433886 -2.240413 1.785200 19.314677 -1.403373 43 0 2.000000 1.823255 4.433886 -1.804334 1.821083 19.337482 -1.367077 44 0 2.000000 1.823255 4.433886 -1.289517 1.803016 19.358767 -1.336048
45 0 2.000000 1.823255 4.433886 -0.774701 1.784950 19.380053 -1.305020 46 0 2.000000 1.823255 4.433886 -0.214389 1.753212 19.339197 -1.272862 47 0 2.000000 1.823255 4.433886 0.345922 1.721474 19.298341 -1.240705 48 0 2.000000 1.823255 4.433886 0.906234 1.689736 19.257485 -1.208547 49 0 2.000000 1.823255 4.433886 1.466545 1.657998 19.216629 -1.176389
50 0 2.000000 1.823255 4.433886 2.026856 1.626259 19.175774 -1.144231 51 0 2.000000 1.823255 4.433886 2.608513 1.613145 19.092670 -1.110061 52 0 2.000000 1.823255 4.433886 3.190170 1.600030 19.009566 -1.075890 53 0 2.000000 1.823255 4.433886 3.771827 1.586915 18.926463 -1.041720 54 0 2.000000 1.823255 4.433886 4.353483 1.573801 18.843359 -1.007550
55 0 2.000000 1.823255 4.433886 4.935140 1.560686 18.760256 -0.973379 56 0 2.000000 1.823255 4.433886 5.514587 1.553145 18.642508 -0.933464 57 0 2.000000 1.823255 4.433886 6.094033 1.545604 18.524761 -0.893548 58 0 2.000000 1.823255 4.433886 6.673480 1.538063 18.407014 -0.853633 59 0 2.000000 1.823255 4.433886 7.252927 1.530522 18.289267 -0.813718
60 0 2.000000 1.823255 4.433886 7.832373 1.522981 18.171520 -0.773803 61 0 2.000000 1.823255 4.433886 8.359084 1.519604 18.080045 -0.740513 62 0 2.000000 1.823255 4.433886 8.885795 1.516227 17.988571 -0.707223 63 0 2.000000 1.823255 4.433886 9.412506 1.512849 17.897097 -0.673933 64 0 2.000000 1.823255 4.433886 9.939216 1.509472 17.805622 -0.640643
65 0 2.000000 1.823255 4.433886 10.465927 1.506094 17.714148 -0.607353 66 0 2.000000 1.823255 4.433886 10.945658 1.523929 17.664767 -0.585214 67 0 2.000000 1.823255 4.433886 11.425389 1.541763 17.615387 -0.563074 68 0 2.000000 1.823255 4.433886 11.829076 1.561183 17.604040 -0.552875 69 0 2.000000 1.823255 4.433886 12.232764 1.580603 17.592693 -0.542676
70 0 2.000000 1.823255 4.433886 12.636451 1.600024 17.581346 -0.532476 71 0 2.000000 1.823255 4.433886 12.970269 1.580631 17.649378 -0.525472 72 0 2.000000 1.823255 4.433886 13.304087 1.561237 17.717411 -0.518468 73 0 2.000000 1.823255 4.433886 13.637905 1.541844 17.785443 -0.511464 74 0 2.000000 1.823255 4.433886 13.934043 1.574691 17.921069 -0.504460
75 0 2.000000 1.823255 4.433886 14.230181 1.607537 18.056696 -0.497456 76 0 2.000000 1.823255 4.433886 14.447119 1.645779 18.337329 -0.517003 77 0 2.000000 1.823255 4.433886 14.664058 1.684022 18.617962 -0.536549 78 0 2.000000 1.823255 4.433886 14.880996 1.722265 18.898595 -0.556095 79 0 2.000000 1.823255 4.433886 15.097935 1.760508 19.179228 -0.575641
80 0 2.000000 1.823255 4.433886 15.314873 1.798750 19.459861 -0.595187 81 0 2.000000 1.823255 4.433886 15.407423 1.833020 19.862595 -0.617364 82 0 2.000000 1.823255 4.433886 15.499973 1.867289 20.265330 -0.639541 83 0 2.000000 1.823255 4.433886 15.564713 1.843429 20.705246 -0.661718 84 0 2.000000 1.823255 4.433886 15.629453 1.819570 21.145163 -0.683895
85 0 2.000000 1.823255 4.433886 15.694193 1.795710 21.585079 -0.706072 86 0 2.000000 1.823255 4.433886 15.637236 1.803800 22.137284 -0.738413 87 0 2.000000 1.823255 4.433886 15.580278 1.811891 22.689488 -0.770755 88 0 2.000000 1.823255 4.433886 15.523321 1.819981 23.241693 -0.803096 89 0 2.000000 1.823255 4.433886 15.466364 1.828072 23.793898 -0.835437
90 0 2.000000 1.823255 4.433886 15.409406 1.836162 24.346102 -0.867779 91 0 2.000000 1.823255 4.433886 15.174484 1.850411 24.924038 -0.903972 92 0 2.000000 1.823255 4.433886 14.939562 1.864660 25.501973 -0.940165 93 0 2.000000 1.823255 4.433886 14.704640 1.878909 26.079909 -0.976358 94 0 2.000000 1.823255 4.433886 14.469718 1.893158 26.657845 -1.012551
95 0 2.000000 1.823255 4.433886 14.234796 1.907407 27.235780 -1.048744 96 0 2.000000 1.823255 4.433886 13.922710 1.986017 27.839630 -1.076699 97 0 2.000000 1.823255 4.433886 13.610624 2.064628 28.443480 -1.104655 98 0 2.000000 1.823255 4.433886 13.140336 2.057342 28.967210 -1.132610 99 0 2.000000 1.823255 4.433886 12.670048 2.050057 29.490941 -1.160565
100 0 2.000000 1.823255 4.433886 12.199760 2.042771 30.014672 -1.188521 101 0 2.000000 1.823255 4.433886 11.657798 2.025293 30.549744 -1.233017 102 0 2.000000 1.823255 4.433886 11.115835 2.007816 31.084816 -1.277514 103 0 2.000000 1.823255 4.433886 10.573873 1.990338 31.619888 -1.322010 104 0 2.000000 1.823255 4.433886 9.950850 1.971754 32.086805 -1.328690
105 0 2.000000 1.823255 4.433886 9.327827 1.953170 32.553722 -1.335369 106 0 2.000000 1.823255 4.433886 8.692406 1.961174 32.946593 -1.373104 107 0 2.000000 1.823255 4.433886 8.056986 1.969177 33.339463 -1.410839 108 0 2.000000 1.823255 4.433886 7.421565 1.977181 33.732334 -1.448573 109 0 2.000000 1.823255 4.433886 6.786144 1.985185 34.125205 -1.486308
110 0 2.000000 1.823255 4.433886 6.061219 1.987643 34.423228 -1.499595 111 0 2.000000 1.823255 4.433886 5.336294 1.990102 34.721251 -1.512881 112 0 2.000000 1.823255 4.433886 4.611369 1.992560 35.019274 -1.526167 113 0 2.000000 1.823255 4.433886 3.886444 1.995019 35.317297 -1.539454 114 0 2.000000 1.823255 4.433886 3.161519 1.997477 35.615320 -1.552740
115 0 2.000000 1.823255 4.433886 2.436594 1.999936 35.913343 -1.566026 116 0 2.000000 1.823255 4.433886 1.711669 2.002394 36.211366 -1.579313 117 0 2.000000 1.823255 4.433886 0.986744 2.004853 36.509389 -1.592599 118 0 2.000000 1.823255 4.433886 0.210804 2.007036 36.697671 -1.620078 119 0 2.000000 1.823255 4.433886 -0.565137 2.009219 36.885953 -1.647557
120 0 2.000000 1.823255 4.433886 -1.341077 2.011402 37.074234 -1.675037 121 0 2.000000 1.823255 4.433886 -2.117017 2.013586 37.262516 -1.702516 122 0 2.000000 1.823255 4.433886 -2.892958 2.015769 37.450798 -1.729995 123 0 2.000000 1.823255 4.433886 -3.668898 2.017952 37.639080 -1.757474 124 0 2.000000 1.823255 4.433886 -4.487671 2.020306 37.734433 -1.770955
125 0 2.000000 1.823255 4.433886 -5.306443 2.022661 37.829787 -1.784435 126 0 2.000000 1.823255 4.433886 -6.125216 2.025015 37.925141 -1.797915 127 0 2.000000 1.823255 4.433886 -6.943989 2.027370 38.020494 -1.811396 128 0 2.000000 1.823255 4.433886 -7.762761 2.029724 38.115848 -1.824876 129 0 2.000000 1.823255 4.433886 -8.164352 2.033578 38.273813 -1.822111
130 0 2.000000 1.823255 4.433886 -8.565944 2.037432 38.431778 -1.819345 131 0 2.000000 1.823255 4.433886 -8.967535 2.041286 38.589743 -1.816579 132 0 2.000000 1.823255 4.433886 -9.118553 2.039116 38.831254 -1.813814 133 0 2.000000 1.823255 4.433886 -9.340582 2.039088 38.892100 -1.813886 134 0 2.000000 1.823255 4.433886 -9.220050 1.993499 39.117550 -1.813958
135 0 2.000000 1.823255 4.433886 -9.099519 1.947909 39.343001 -1.814029 136 0 2.000000 1.823255 4.433886 -8.978987 1.902320 39.568451 -1.814101 137 0 2.000000 1.823255 4.433886 -8.622882 1.851026 39.823725 -1.802405 138 0 2.000000 1.823255 4.433886 -8.266776 1.799733 40.079000 -1.790709 139 0 2.000000 1.823255 4.433886 -7.910670 1.748439 40.334274 -1.779013
140 0 2.000000 1.823255 4.433886 -7.377377 1.800699 40.625628 -1.767317 141 0 2.000000 1.823255 4.433886 -6.844083 1.852960 40.916983 -1.755621 142 0 2.000000 1.823255 4.433886 -6.351123 1.852295 41.191189 -1.740983 143 0 2.000000 1.823255 4.433886 -5.858162 1.851630 41.465395 -1.726346 144 0 2.000000 1.823255 4.433886 -5.365202 1.850965 41.739601 -1.711708
145 0 2.000000 1.823255 4.433886 -4.894958 1.759441 41.957040 -1.700661 146 0 2.000000 1.823255 4.433886 -4.424714 1.667916 42.174479 -1.689613 147 0 2.000000 1.823255 4.433886 -3.959365 1.638009 42.390614 -1.678566 148 0 2.000000 1.823255 4.433886 -3.494016 1.608101 42.606748 -1.667519 149 0 2.000000 1.823255 4.433886 -3.028667 1.578194 42.822882 -1.656472
0 1 1.739063 0.824591 1.785241 1.640400 1.675660 5.776261 -1.675458 1 1 1.739063 0.824591 1.785241 1.700640 1.640419 5.778596 -1.664456 2 1 1.739063 0.824591 1.785241 1.760880 1.605178 5.780931 -1.653453 3 1 1.739063 0.824591 1.785241 1.821119 1.569936 5.783265 -1.642450 4 1 1.739063 0.824591 1.785241 1.881359 1.534695 5.785600 -1.631447
5 1 1.739063 0.824591 1.785241 1.895126 1.554621 5.811552 -1.654852 6 1 1.739063 0.824591 1.785241 1.908893 1.574546 5.837503 -1.678257 7 1 1.739063 0.824591 1.785241 1.922660 1.594472 5.863455 -1.701662 8 1 1.739063 0.824591 1.785241 1.936427 1.614397 5.889406 -1.725068 9 1 1.739063 0.824591 1.785241 1.950193 1.634322 5.915358 -1.748473
10 1 1.739063 0.824591 1.785241 1.950046 1.634862 5.980300 -1.750818 11 1 1.739063 0.824591 1.785241 1.949899 1.635402 6.045242 -1.753162 12 1 1.739063 0.824591 1.785241 1.949752 1.635942 6.110184 -1.755507 13 1 1.739063 0.824591 1.785241 1.949604 1.636481 6.175126 -1.757852 14 1 1.739063 0.824591 1.785241 1.949457 1.637021 6.240068 -1.760197
15 1 1.739063 0.824591 1.785241 1.925884 1.669392 6.326126 -1.786378 16 1 1.739063 0.824591 1.785241 1.902311 1.701763 6.412183 -1.812559 17 1 1.739063 0.824591 1.785241 1.878737 1.734134 6.498241 -1.838741 18 1 1.739063 0.824591 1.785241 1.855164 1.766505 6.584298 -1.864922 19 1 1.739063 0.824591 1.785241 1.831591 1.798876 6.670355 -1.891103
20 1 1.739063 0.824591 1.785241 1.779747 1.792479 6.761353 -1.918182 21 1 1.739063 0.824591 1.785241 1.727903 1.786082 6.852350 -1.945262 22 1 1.739063 0.824591 1.785241 1.676059 1.779685 6.943347 -1.972341 23 1 1.739063 0.824591 1.785241 1.624215 1.773288 7.034344 -1.999420 24 1 1.739063 0.824591 1.785241 1.572371 1.766891 7.125341 -2.026499
25 1 1.739063 0.824591 1.785241 1.477971 1.747422 7.216373 -2.025242 26 1 1.739063 0.824591 1.785241 1.383570 1.727953 7.307405 -2.023985 27 1 1.739063 0.824591 1.785241 1.289170 1.708484 7.398437 -2.022728 28 1 1.739063 0.824591 1.785241 1.194770 1.689015 7.489468 -2.021471 29 1 1.739063 0.824591 1.785241 1.100370 1.669546 7.580500 -2.020214
30 1 1.739063 0.824591 1.785241 0.997298 1.664201 7.655361 -2.007641 31 1 1.739063 0.824591 1.785241 0.894226 1.658857 7.730222 -1.995068 32 1 1.739063 0.824591 1.785241 0.791155 1.653512 7.805084 -1.982495 33 1 1.739063 0.824591 1.785241 0.688083 1.648167 7.879945 -1.969922 34 1 1.739063 0.824591 1.785241 0.585011 1.642822 7.954806 -1.957349
35 1 1.739063 0.824591 1.785241 0.502101 1.644600 7.989120 -1.942844 36 1 1.739063 0.824591 1.785241 0.419190 1.646378 8.023434 -1.928338 37 1 1.739063 0.824591 1.785241 0.336279 1.648156 8.057747 -1.913833 38 1 1.739063 0.824591 1.785241 0.253368 1.649933 8.092061 -1.899327 39 1 1.739063 0.824591 1.785241 0.170457 1.651711 8.126375 -1.884821
40 1 1.739063 0.824591 1.785241 0.152269 1.664894 8.107548 -1.878464 41 1 1.739063 0.824591 1.785241 0.134081 1.678077 8.088720 -1.872106 42 1 1.739063 0.824591 1.785241 0.115893 1.691260 8.069893 -1.865748 43 1 1.739063 0.824591 1.785241 0.097706 1.704442 8.051066 -1.859390 44 1 1.739063 0.824591 1.785241 0.079518 1.717625 8.032238 -1.853032
45 1 1.739063 0.824591 1.785241 0.137309 1.708537 8.007089 -1.836616 46 1 1.739063 0.824591 1.785241 0.195101 1.699448 7.981940 -1.820199 47 1 1.739063 0.824591 1.785241 0.252892 1.690360 7.956791 -1.803782 48 1 1.739063 0.824591 1.785241 0.310684 1.681272 7.931642 -1.787366 49 1 1.739063 0.824591 1.785241 0.368475 1.672183 7.906493 -1.770949
50 1 1.739063 0.824591 1.785241 0.474743 1.667415 7.892890 -1.746485 51 1 1.739063 0.824591 1.785241 0.581010 1.662646 7.879286 -1.722021 52 1 1.739063 0.824591 1.785241 0.687278 1.657877 7.865682 -1.697558 53 1 1.739063 0.824591 1.785241 0.793545 1.653108 7.852079 -1.673094 54 1 1.739063 0.824591 1.785241 0.899813 1.648340 7.838475 -1.648630
55 1 1.739063 0.824591 1.785241 1.080956 1.642247 7.853299 -1.574651 56 1 1.739063 0.824591 1.785241 1.262099 1.636155 7.868123 -1.500672 57 1 1.739063 0.824591 1.785241 1.443242 1.630062 7.882947 -1.426694 58 1 1.739063 0.824591 1.785241 1.624386 1.623969 7.897771 -1.352715 59 1 1.739063 0.824591 1.785241 1.857756 1.604900 7.899165 -1.315524
60 1 1.739063 0.824591 1.785241 2.039147 1.600756 7.871332 -1.280545 61 1 1.739063 0.824591 1.785241 2.220538 1.596612 7.843499 -1.245566 62 1 1.739063 0.824591 1.785241 2.401929 1.592467 7.815666 -1.210587 63 1 1.739063 0.824591 1.785241 2.583320 1.588323 7.787832 -1.175608 64 1 1.739063 0.824591 1.785241 2.764710 1.584178 7.759999 -1.140629
65 1 1.739063 0.824591 1.785241 2.982311 1.591726 7.807655 -1.117154 66 1 1.739063 0.824591 1.785241 3.199912 1.599274 7.855311 -1.093678 67 1 1.739063 0.824591 1.785241 3.417513 1.606822 7.902966 -1.070203 68 1 1.739063 0.824591 1.785241 3.635114 1.614370 7.950622 -1.046727 69 1 1.739063 0.824591 1.785241 3.852715 1.621918 7.998278 -1.023251
70 1 1.739063 0.824591 1.785241 3.997807 1.616157 8.036273 -1.021579 71 1 1.739063 0.824591 1.785241 4.142899 1.610395 8.074268 -1.019906 72 1 1.739063 0.824591 1.785241 4.287990 1.604634 8.112262 -1.018233 73 1 1.739063 0.824591 1.785241 4.433082 1.598873 8.150257 -1.016561 74 1 1.739063 0.824591 1.785241 4.578174 1.593112 8.188252 -1.014888
75 1 1.739063 0.824591 1.785241 4.647763 1.608511 8.309849 -1.016173 76 1 1.739063 0.824591 1.785241 4.717352 1.623911 8.431445 -1.017459 77 1 1.739063 0.824591 1.785241 4.786940 1.639310 8.553042 -1.018744 78 1 1.739063 0.824591 1.785241 4.856529 1.654709 8.674638 -1.020030 79 1 1.739063 0.824591 1.785241 4.926118 1.670109 8.796235 -1.021315
80 1 1.739063 0.824591 1.785241 4.930001 1.682712 8.954395 -1.029396 81 1 1.739063 0.824591 1.785241 4.934069 1.712831 9.112372 -1.037476 82 1 1.739063 0.824591 1.785241 4.938108 1.740160 9.270378 -1.045557 83 1 1.739063 0.824591 1.785241 4.941612 1.716879 9.428913 -1.053638 84 1 1.739063 0.824591 1.785241 4.945226 1.704017 9.587339 -1.061718
85 1 1.739063 0.824591 1.785241 4.911032 1.706320 9.752810 -1.076036 86 1 1.739063 0.824591 1.785241 4.876837 1.708623 9.918281 -1.090354 87 1 1.739063 0.824591 1.785241 4.842643 1.710926 10.083752 -1.104671 88 1 1.739063 0.824591 1.785241 4.808448 1.713229 10.249224 -1.118989 89 1 1.739063 0.824591 1.785241 4.774254 1.715532 10.414695 -1.133306
90 1 1.739063 0.824591 1.785241 4.727437 1.718782 10.560597 -1.137263 91 1 1.739063 0.824591 1.785241 4.680620 1.722033 10.706499 -1.141220 92 1 1.739063 0.824591 1.785241 4.633803 1.725283 10.852401 -1.145176 93 1 1.739063 0.824591 1.785241 4.586986 1.728533 10.998303 -1.149133 94 1 1.739063 0.824591 1.785241 4.540169 1.731784 11.144205 -1.153090
95 1 1.739063 0.824591 1.785241 4.493155 1.737732 11.289426 -1.148114 96 1 1.739063 0.824591 1.785241 4.446142 1.743680 11.434646 -1.143139 97 1 1.739063 0.824591 1.785241 4.399128 1.749628 11.579866 -1.138163 98 1 1.739063 0.824591 1.785241 4.352115 1.755577 11.725087 -1.133188 99 1 1.739063 0.824591 1.785241 4.305102 1.761525 11.870307 -1.128213
100 1 1.739063 0.824591 1.785241 4.264556 1.757280 11.960378 -1.123425 101 1 1.739063 0.824591 1.785241 4.224010 1.753034 12.050449 -1.118637 102 1 1.739063 0.824591 1.785241 4.183464 1.748788 12.140521 -1.113850 103 1 1.739063 0.824591 1.785241 4.142918 1.744543 12.230592 -1.109062 104 1 1.739063 0.824591 1.785241 4.102372 1.740297 12.320663 -1.104275
105 1 1.739063 0.824591 1.785241 4.068226 1.751185 12.381705 -1.106086 106 1 1.739063 0.824591 1.785241 4.034081 1.762073 12.442747 -1.107898 107 1 1.739063 0.824591 1.785241 3.999935 1.772961 12.503790 -1.109710 108 1 1.739063 0.824591 1.785241 3.965789 1.783848 12.564832 -1.111522 109 1 1.739063 0.824591 1.785241 3.931643 1.794736 12.625874 -1.113333
110 1 1.739063 0.824591 1.785241 3.843106 1.787559 12.671761 -1.152452 111 1 1.739063 0.824591 1.785241 3.754569 1.780381 12.717649 -1.191570 112 1 1.739063 0.824591 1.785241 3.666032 1.773204 12.763536 -1.230689 113 1 1.739063 0.824591 1.785241 3.577495 1.766026 12.809424 -1.269807 114 1 1.739063 0.824591 1.785241 3.488957 1.758849 12.855312 -1.308926
115 1 1.739063 0.824591 1.785241 3.329392 1.771643 12.924461 -1.342369 116 1 1.739063 0.824591 1.785241 3.169826 1.784437 12.993609 -1.375812 117 1 1.739063 0.824591 1.785241 3.010260 1.797231 13.062758 -1.409255 118 1 1.739063 0.824591 1.785241 2.850695 1.810026 13.131907 -1.442698 119 1 1.739063 0.824591 1.785241 2.691129 1.822820 13.201056 -1.476141
120 1 1.739063 0.824591 1.785241 2.400394 1.816620 13.263856 -1.515058 121 1 1.739063 0.824591 1.785241 2.109658 1.810421 13.326655 -1.553975 122 1 1.739063 0.824591 1.785241 1.818923 1.804221 13.389455 -1.592892 123 1 1.739063 0.824591 1.785241 1.528187 1.798022 13.452254 -1.631809 124 1 1.739063 0.824591 1.785241 1.237452 1.791822 13.515054 -1.670726
125 1 1.739063 0.824591 1.785241 0.890260 1.787120 13.523073 -1.696148 126 1 1.739063 0.824591 1.785241 0.543067 1.782419 13.531092 -1.721570 127 1 1.739063 0.824591 1.785241 0.195875 1.777717 13.539111 -1.746992 128 1 1.739063 0.824591 1.785241 -0.151318 1.773016 13.547130 -1.772414 129 1 1.739063 0.824591 1.785241 -0.498510 1.768314 13.555149 -1.797835
130 1 1.739063 0.824591 1.785241 -0.731944 1.785500 13.550526 -1.803696 131 1 1.739063 0.824591 1.785241 -0.965378 1.802686 13.545903 -1.809556 132 1 1.739063 0.824591 1.785241 -1.129240 1.818196 13.558219 -1.815417 133 1 1.739063 0.824591 1.785241 -1.293103 1.833706 13.570535 -1.821277 134 1 1.739063 0.824591 1.785241 -1.456965 1.849215 13.582851 -1.827138
135 1 1.739063 0.824591 1.785241 -1.490540 1.813816 13.561603 -1.814950 136 1 1.739063 0.824591 1.785241 -1.524115 1.778417 13.540356 -1.802762 137 1 1.739063 0.824591 1.785241 -1.488018 1.740135 13.535587 -1.790575 138 1 1.739063 0.824591 1.785241 -1.451921 1.701853 13.530817 -1.778387 139 1 1.739063 0.824591 1.785241 -1.415824 1.663571 13.526048 -1.766199
140 1 1.739063 0.824591 1.785241 -1.337755 1.676647 13.519163 -1.760048 141 1 1.739063 0.824591 1.785241 -1.259687 1.689723 13.512279 -1.753898 142 1 1.739063 0.824591 1.785241 -1.181619 1.702800 13.505394 -1.747747 143 1 1.739063 0.824591 1.785241 -1.103550 1.715876 13.498509 -1.741596 144 1 1.739063 0.824591 1.785241 -1.025482 1.728952 13.491624 -1.735446
145 1 1.739063 0.824591 1.785241 -0.920979 1.704102 13.481165 -1.724098 146 1 1.739063 0.824591 1.785241 -0.816477 1.679252 13.470706 -1.712751 147 1 1.739063 0.824591 1.785241 -0.711974 1.654402 13.460247 -1.701404 148 1 1.739063 0.824591 1.785241 -0.607472 1.629553 13.449788 -1.690056 149 1 1.739063 0.824591 1.785241 -0.502969 1.604703 13.439329 -1.678709
0 2 1.714062 0.767881 0.972283 6.301919 1.652419 8.455685 -1.900245 1 2 1.714062 0.767881 0.972283 6.352093 1.593046 8.156156 -1.886840 2 2 1.714062 0.767881 0.972283 6.409693 1.533561 7.859055 -1.873436 3 2 1.714062 0.767881 0.972283 6.463579 1.474131 7.560739 -1.860031 4 2 1.714062 0.767881 0.972283 6.516488 1.497786 7.267796 -1.846627
5 3 2.195312 1.895275 5.530314 -10.850808 1.378517 40.289896 1.869776 6 3 2.195312 1.895275 5.530314 -10.342982 1.519619 40.108802 1.882065 7 3 2.195312 1.895275 5.530314 -9.835156 1.660720 39.927707 1.894354 8 3 2.195312 1.895275 5.530314 -9.327330 1.801822 39.746613 1.906643 9 3 2.195312 1.895275 5.530314 -8.819504 1.942924 39.565518 1.918932
10 3 2.195312 1.895275 5.530314 -8.311678 2.084025 39.384424 1.931221 11 3 2.195312 1.895275 5.530314 -7.881526 2.048446 39.140435 1.942977 12 3 2.195312 1.895275 5.530314 -7.451374 2.012867 38.896446 1.954734 13 3 2.195312 1.895275 5.530314 -7.021222 1.977288 38.652458 1.966490 14 3 2.195312 1.895275 5.530314 -6.591070 1.941710 38.408469 1.978247
15 3 2.195312 1.895275 5.530314 -6.160918 1.906131 38.164481 1.990003 16 3 2.195312 1.895275 5.530314 -5.718926 1.922118 37.919635 2.001759 17 3 2.195312 1.895275 5.530314 -5.276933 1.938106 37.674788 2.013516 18 3 2.195312 1.895275 5.530314 -4.835893 2.155274 37.421348 2.025272 19 3 2.195312 1.895275 5.530314 -4.394853 2.372442 37.167909 2.037028
20 3 2.195312 1.895275 5.530314 -3.953814 2.589610 36.914469 2.048785 21 3 2.195312 1.895275 5.530314 -3.458806 2.493326 36.700762 2.060860 22 3 2.195312 1.895275 5.530314 -2.963799 2.397042 36.487056 2.072936 23 3 2.195312 1.895275 5.530314 -2.468792 2.300758 36.273349 2.085011 24 3 2.195312 1.895275 5.530314 -1.973785 2.204474 36.059643 2.097086
25 3 2.195312 1.895275 5.530314 -1.569057 2.104583 35.690693 2.109162 26 3 2.195312 1.895275 5.530314 -1.299621 2.006489 35.101323 2.121237 27 3 2.195312 1.895275 5.530314 -0.759602 1.904801 34.952793 2.133313 28 3 2.195312 1.895275 5.530314 -0.354875 1.804910 34.583843 2.145388 29 3 2.195312 1.895275 5.530314 0.049853 1.705019 34.214893 2.157463
30 3 2.195312 1.895275 5.530314 0.454580 1.605128 33.845943 2.169539 31 3 2.195312 1.895275 5.530314 0.887461 1.596629 33.470358 2.182523 32 3 2.195312 1.895275 5.530314 1.320341 1.588130 33.094773 2.195507 33 3 2.195312 1.895275 5.530314 1.753221 1.579631 32.719188 2.208490 34 3 2.195312 1.895275 5.530314 2.186102 1.571132 32.343603 2.221474
35 3 2.195312 1.895275 5.530314 2.618982 1.562633 31.968018 2.234458 36 3 2.195312 1.895275 5.530314 3.123659 1.582988 31.449296 2.251083 37 3 2.195312 1.895275 5.530314 3.628335 1.603344 30.930574 2.267709 38 3 2.195312 1.895275 5.530314 4.133012 1.623700 30.411852 2.284334 39 3 2.195312 1.895275 5.530314 4.637689 1.644055 29.893131 2.300960
40 3 2.195312 1.895275 5.530314 5.142366 1.664411 29.374409 2.317585 41 3 2.195312 1.895275 5.530314 5.647043 1.684766 28.855687 2.334211 42 3 2.195312 1.895275 5.530314 6.151719 1.705122 28.336965 2.350837 43 3 2.195312 1.895275 5.530314 6.656396 1.725477 27.818243 2.367462 44 3 2.195312 1.895275 5.530314 7.161073 1.745833 27.299522 2.384088
45 3 2.195312 1.895275 5.530314 7.665750 1.766189 26.780800 2.400713 46 3 2.195312 1.895275 5.530314 8.170191 1.723612 26.181361 2.419891 47 3 2.195312 1.895275 5.530314 8.674632 1.681035 25.581923 2.439070 48 3 2.195312 1.895275 5.530314 9.179073 1.638459 24.982485 2.458248 49 3 2.195312 1.895275 5.530314 9.683514 1.595882 24.383046 2.477427
50 3 2.195312 1.895275 5.530314 10.187955 1.553305 23.783608 2.496605 51 3 2.195312 1.895275 5.530314 10.559551 1.553982 23.150089 2.512855 52 3 2.195312 1.895275 5.530314 10.931147 1.554658 22.516569 2.529106 53 3 2.195312 1.895275 5.530314 11.302743 1.555335 21.883050 2.545356 54 3 2.195312 1.895275 5.530314 11.674339 1.556012 21.249531 2.561606
55 3 2.195312 1.895275 5.530314 12.045935 1.556688 20.616012 2.577856 56 3 2.195312 1.895275 5.530314 12.279598 1.545818 20.053756 2.588914 57 3 2.195312 1.895275 5.530314 12.513261 1.534948 19.491501 2.599971 58 3 2.195312 1.895275 5.530314 12.746924 1.524078 18.929246 2.611029 59 3 2.195312 1.895275 5.530314 12.980587 1.513208 18.366991 2.622086
60 3 2.195312 1.895275 5.530314 13.214250 1.502338 17.804735 2.633144 61 3 2.195312 1.895275 5.530314 13.255300 1.500088 17.352013 2.635821 62 3 2.195312 1.895275 5.530314 13.296350 1.497839 16.899291 2.638498 63 3 2.195312 1.895275 5.530314 13.337400 1.495589 16.446569 2.641176 64 3 2.195312 1.895275 5.530314 13.378450 1.493340 15.993847 2.643853
65 3 2.195312 1.895275 5.530314 13.419501 1.491090 15.541125 2.646530 66 3 2.195312 1.895275 5.530314 13.303497 1.501353 15.209977 2.639747 67 3 2.195312 1.895275 5.530314 13.187493 1.511616 14.878829 2.632964 68 3 2.195312 1.895275 5.530314 13.071489 1.521879 14.547682 2.626180 69 3 2.195312 1.895275 5.530314 12.955485 1.532142 14.216534 2.619397
70 3 2.195312 1.895275 5.530314 12.839482 1.542405 13.885386 2.612614 71 3 2.195312 1.895275 5.530314 12.641660 1.552614 13.658161 2.596872 72 3 2.195312 1.895275 5.530314 12.443838 1.562823 13.430936 2.581130 73 3 2.195312 1.895275 5.530314 12.246016 1.573032 13.203711 2.565388 74 3 2.195312 1.895275 5.530314 12.048194 1.583241 12.976486 2.549646
75 3 2.195312 1.895275 5.530314 11.850372 1.593450 12.749261 2.533905 76 3 2.195312 1.895275 5.530314 11.566507 1.627589 12.585291 2.511845 77 3 2.195312 1.895275 5.530314 11.282641 1.661727 12.421321 2.489785 78 3 2.195312 1.895275 5.530314 10.998776 1.695865 12.257350 2.467725 79 3 2.195312 1.895275 5.530314 10.714911 1.730003 12.093380 2.445665
80 3 2.195312 1.895275 5.530314 10.431046 1.764141 11.929410 2.423606 81 3 2.195312 1.895275 5.530314 10.113878 1.751625 11.758668 2.398709 82 3 2.195312 1.895275 5.530314 9.796710 1.739109 11.587927 2.373812 83 3 2.195312 1.895275 5.530314 9.479542 1.726593 11.417185 2.348916 84 3 2.195312 1.895275 5.530314 9.162374 1.714077 11.246444 2.324019
85 3 2.195312 1.895275 5.530314 8.845206 1.701561 11.075702 2.299123 86 3 2.195312 1.895275 5.530314 8.554215 1.700514 10.858828 2.273414 87 3 2.195312 1.895275 5.530314 8.263224 1.699467 10.641954 2.247706 88 3 2.195312 1.895275 5.530314 7.972233 1.698420 10.425080 2.221997 89 3 2.195312 1.895275 5.530314 7.681242 1.697373 10.208205 2.196289
90 3 2.195312 1.895275 5.530314 7.390251 1.696327 9.991331 2.170580 91 3 2.195312 1.895275 5.530314 7.132702 1.694852 9.712975 2.137725 92 3 2.195312 1.895275 5.530314 6.875154 1.693376 9.434619 2.104871 93 3 2.195312 1.895275 5.530314 6.617605 1.691901 9.156263 2.072016 94 3 2.195312 1.895275 5.530314 6.360056 1.690426 8.877906 2.039161
95 3 2.195312 1.895275 5.530314 6.102507 1.688951 8.599550 2.006307 96 3 2.195312 1.895275 5.530314 5.875351 1.703418 8.250658 1.980888 97 3 2.195312 1.895275 5.530314 5.648195 1.717885 7.901766 1.955470 98 3 2.195312 1.895275 5.530314 5.421039 1.732352 7.552874 1.930052 99 3 2.195312 1.895275 5.530314 5.193883 1.746819 7.203982 1.904633
100 3 2.195312 1.895275 5.530314 4.966727 1.761286 6.855090 1.879215 101 3 2.195312 1.895275 5.530314 4.804232 1.763068 6.441657 1.854415 102 3 2.195312 1.895275 5.530314 4.641737 1.764851 6.028223 1.829616 103 3 2.195312 1.895275 5.530314 4.479241 1.766633 5.614790 1.804816 104 3 2.195312 1.895275 5.530314 4.316746 1.768416 5.201357 1.780017
105 3 2.195312 1.895275 5.530314 4.154251 1.770198 4.787923 1.755217 106 3 2.195312 1.895275 5.530314 4.056250 1.770923 4.318044 1.732359 107 3 2.195312 1.895275 5.530314 3.958250 1.771648 3.848166 1.709500 108 3 2.195312 1.895275 5.530314 3.860250 1.772373 3.378287 1.686641 109 3 2.195312 1.895275 5.530314 3.762249 1.773098 2.908408 1.663783
109 5 1.507812 1.687051 4.041130 9.645580 1.969339 21.814435 -0.804429 110 5 1.507812 1.687051 4.041130 9.162753 1.943332 21.409208 -0.825836 111 5 1.507812 1.687051 4.041130 8.679926 1.917325 21.003980 -0.847243 112 5 1.507812 1.687051 4.041130 8.197099 1.891318 20.598752 -0.868650 113 5 1.507812 1.687051 4.041130 7.801927 1.868010 20.193475 -0.890057
114 5 1.507812 1.687051 4.041130 7.406756 1.844702 19.788199 -0.911464 115 5 1.507812 1.687051 4.041130 7.041350 1.854915 19.312490 -0.929746 116 5 1.507812 1.687051 4.041130 6.675945 1.865128 18.836781 -0.948028 117 5 1.507812 1.687051 4.041130 6.310539 1.875342 18.361072 -0.966311 118 5 1.507812 1.687051 4.041130 5.945134 1.885555 17.885363 -0.984593
119 5 1.507812 1.687051 4.041130 5.579728 1.895768 17.409654 -1.002875 120 5 1.507812 1.687051 4.041130 5.273482 1.883524 16.919287 -1.021501 121 5 1.507812 1.687051 4.041130 4.967236 1.871280 16.428920 -1.040127 122 5 1.507812 1.687051 4.041130 4.660990 1.859036 15.938552 -1.058753 123 5 1.507812 1.687051 4.041130 4.354745 1.846793 15.448185 -1.077379
124 5 1.507812 1.687051 4.041130 4.048499 1.834549 14.957818 -1.096005 125 5 1.507812 1.687051 4.041130 3.797119 1.806937 14.419563 -1.109985 126 5 1.507812 1.687051 4.041130 3.545739 1.779326 13.881308 -1.123965 127 5 1.507812 1.687051 4.041130 3.294360 1.751714 13.343053 -1.137945 128 5 1.507812 1.687051 4.041130 3.163470 1.724226 12.815722 -1.151925
129 5 1.507812 1.687051 4.041130 3.032580 1.696738 12.288390 -1.165905 130 5 1.507812 1.687051 4.041130 2.994795 1.685065 11.664496 -1.165695 131 5 1.507812 1.687051 4.041130 2.957010 1.673391 11.040601 -1.165486 132 5 1.507812 1.687051 4.041130 2.919225 1.661718 10.416706 -1.165277 133 5 1.507812 1.687051 4.041130 2.958094 1.647834 9.814724 -1.165068
134 5 1.507812 1.687051 4.041130 2.996962 1.633949 9.212741 -1.164858 135 5 1.507812 1.687051 4.041130 3.087093 1.612753 8.546018 -1.152671 136 5 1.507812 1.687051 4.041130 3.177224 1.591556 7.879294 -1.140483 137 5 1.507812 1.687051 4.041130 3.267355 1.570359 7.212571 -1.128295 138 5 1.507812 1.687051 4.041130 3.357486 1.549162 6.545848 -1.116107
113 4 1.523438 1.697113 4.518535 -8.507631 1.593847 11.655923 0.047361 114 4 1.523438 1.697113 4.518535 -8.382176 1.587298 10.920564 0.028883 115 4 1.523438 1.697113 4.518535 -8.256721 1.580750 10.185206 0.010405 116 4 1.523438 1.697113 4.518535 -8.131265 1.574201 9.449847 -0.008072 117 4 1.523438 1.697113 4.518535 -8.005810 1.567653 8.714489 -0.026550
117 6 1.460938 1.583189 3.934669 5.096025 1.899656 22.712512 -1.631951 118 6 1.460938 1.583189 3.934669 4.692560 1.897226 22.196363 -1.650218 119 6 1.460938 1.583189 3.934669 4.289095 1.894795 21.680213 -1.668485 120 6 1.460938 1.583189 3.934669 3.885630 1.892364 21.164064 -1.686752 121 6 1.460938 1.583189 3.934669 3.482166 1.889933 20.647915 -1.705019
122 6 1.460938 1.583189 3.934669 3.078701 1.887502 20.131766 -1.723286 123 6 1.460938 1.583189 3.934669 2.736864 1.861971 19.585411 -1.740930 124 6 1.460938 1.583189 3.934669 2.395028 1.836440 19.039056 -1.758574 125 6 1.460938 1.583189 3.934669 2.053191 1.810909 18.492702 -1.776217 126 6 1.460938 1.583189 3.934669 1.711354 1.785379 17.946347 -1.793861
127 6 1.460938 1.583189 3.934669 1.369518 1.759848 17.399992 -1.811505 128 6 1.460938 1.583189 3.934669 1.273391 1.762642 16.809908 -1.816865 129 6 1.460938 1.583189 3.934669 1.177264 1.765436 16.219823 -1.822225 130 6 1.460938 1.583189 3.934669 1.081137 1.768231 15.629738 -1.827584 131 6 1.460938 1.583189 3.934669 0.985010 1.771025 15.039653 -1.832944
132 6 1.460938 1.583189 3.934669 0.888883 1.773820 14.449569 -1.838304 133 6 1.460938 1.583189 3.934669 0.943184 1.733345 13.809178 -1.830244 134 6 1.460938 1.583189 3.934669 0.997486 1.692869 13.168787 -1.822184 135 6 1.460938 1.583189 3.934669 1.127434 1.649685 12.547841 -1.814124 136 6 1.460938 1.583189 3.934669 1.257383 1.606500 11.926896 -1.806064
137 6 1.460938 1.583189 3.934669 1.387332 1.563315 11.305950 -1.798004 138 6 1.460938 1.583189 3.934669 1.546583 1.565398 10.646476 -1.783144 139 6 1.460938 1.583189 3.934669 1.705835 1.567482 9.987002 -1.768284 140 6 1.460938 1.583189 3.934669 1.865086 1.569565 9.327528 -1.753423 141 6 1.460938 1.583189 3.934669 2.024338 1.571649 8.668054 -1.738563
142 6 1.460938 1.583189 3.934669 2.183589 1.573732 8.008580 -1.723703 143 6 1.460938 1.583189 3.934669 2.288183 1.573222 7.310347 -1.710037 144 6 1.460938 1.583189 3.934669 2.392777 1.572713 6.612114 -1.696371 145 6 1.460938 1.583189 3.934669 2.497372 1.572203 5.913880 -1.682705 146 6 1.460938 1.583189 3.934669 2.601966 1.571693 5.215647 -1.669039
147 6 1.460938 1.583189 3.934669 2.706560 1.571184 4.517414 -1.655374 148 6 1.460938 1.583189 3.934669 2.742628 1.568411 3.795580 -1.644973 149 6 1.460938 1.583189 3.934669 2.778696 1.565639 3.073746 -1.634573 150 6 1.460938 1.583189 3.934669 2.814765 1.562867 2.351912 -1.624173 151 6 1.460938 1.583189 3.934669 2.850833 1.560095 1.630079 -1.613773
120 9 1.596000 1.698089 3.562650 2.985247 1.961234 28.126936 -1.684104 121 9 1.596000 1.698089 3.562650 2.481103 1.936886 27.572519 -1.702287 122 9 1.596000 1.698089 3.562650 1.976960 1.912539 27.018102 -1.720470 123 9 1.596000 1.698089 3.562650 1.472817 1.888191 26.463685 -1.738654 124 9 1.596000 1.698089 3.562650 0.968673 1.863843 25.909268 -1.756837
125 9 1.596000 1.698089 3.562650 0.464530 1.839496 25.354851 -1.775021 126 9 1.596000 1.698089 3.562650 0.086422 1.824659 24.739589 -1.786541 127 9 1.596000 1.698089 3.562650 -0.291686 1.809822 24.124327 -1.798062 128 9 1.596000 1.698089 3.562650 -0.669794 1.794985 23.509066 -1.809583 129 9 1.596000 1.698089 3.562650 -0.822440 1.825543 22.927458 -1.821104
130 9 1.596000 1.698089 3.562650 -0.975086 1.856101 22.345850 -1.832625 131 9 1.596000 1.698089 3.562650 -0.962247 1.863274 21.743826 -1.829748 132 9 1.596000 1.698089 3.562650 -0.949408 1.870447 21.141801 -1.826871 133 9 1.596000 1.698089 3.562650 -0.936568 1.877620 20.539777 -1.823994 134 9 1.596000 1.698089 3.562650 -0.815982 1.813034 19.918347 -1.821117
135 9 1.596000 1.698089 3.562650 -0.695396 1.748448 19.296917 -1.818240 136 9 1.596000 1.698089 3.562650 -0.467588 1.680464 18.681261 -1.804740 137 9 1.596000 1.698089 3.562650 -0.239780 1.612480 18.065605 -1.791239 138 9 1.596000 1.698089 3.562650 0.027678 1.602678 17.458079 -1.777738 139 9 1.596000 1.698089 3.562650 0.295136 1.592876 16.850552 -1.764238
140 9 1.596000 1.698089 3.562650 0.562594 1.583073 16.243026 -1.750737 141 9 1.596000 1.698089 3.562650 0.788631 1.588985 15.565109 -1.736348 142 9 1.596000 1.698089 3.562650 1.014668 1.594896 14.887192 -1.721958 143 9 1.596000 1.698089 3.562650 1.240704 1.600807 14.209276 -1.707569 144 9 1.596000 1.698089 3.562650 1.466741 1.606718 13.531359 -1.693179
145 9 1.596000 1.698089 3.562650 1.692777 1.612629 12.853442 -1.678790 146 9 1.596000 1.698089 3.562650 1.860389 1.583684 12.163682 -1.666620 147 9 1.596000 1.698089 3.562650 2.028000 1.554739 11.473922 -1.654449 148 9 1.596000 1.698089 3.562650 2.199600 1.525667 10.784448 -1.642279 149 9 1.596000 1.698089 3.562650 2.315374 1.545154 10.072460 -1.630109
121 7 1.500000 1.675028 4.026695 -5.058704 1.748989 23.013090 1.484354 122 7 1.500000 1.675028 4.026695 -5.452760 1.752278 22.359097 1.466140 123 7 1.500000 1.675028 4.026695 -5.846816 1.755566 21.705104 1.447925 124 7 1.500000 1.675028 4.026695 -6.232901 1.758719 20.986494 1.429711 125 7 1.500000 1.675028 4.026695 -6.618987 1.761872 20.267884 1.411496
126 7 1.500000 1.675028 4.026695 -7.005057 1.765480 19.633874 1.393282 127 7 1.500000 1.675028 4.026695 -7.338655 1.811952 18.851262 1.384846 128 7 1.500000 1.675028 4.026695 -7.534025 1.859040 18.179217 1.376409 129 7 1.500000 1.675028 4.026695 -7.729395 1.906128 17.507171 1.367973 130 7 1.500000 1.675028 4.026695 -7.805040 1.951351 16.860550 1.359537
131 7 1.500000 1.675028 4.026695 -7.880686 1.996574 16.213928 1.351100 132 7 1.500000 1.675028 4.026695 -7.854878 2.058684 15.647967 1.356748 133 7 1.500000 1.675028 4.026695 -7.829071 2.120795 15.082007 1.362396 134 7 1.500000 1.675028 4.026695 -7.715352 2.062768 14.536140 1.368044 135 7 1.500000 1.675028 4.026695 -7.601633 2.004741 13.990272 1.373692
136 7 1.500000 1.675028 4.026695 -7.487914 1.946714 13.444405 1.379340 137 7 1.500000 1.675028 4.026695 -7.301819 1.943605 12.921454 1.393598 138 7 1.500000 1.675028 4.026695 -7.115723 1.940496 12.398503 1.407857 139 7 1.500000 1.675028 4.026695 -6.929628 1.937387 11.875551 1.422115 140 7 1.500000 1.675028 4.026695 -6.743532 1.934277 11.352600 1.436373
141 7 1.500000 1.675028 4.026695 -6.557437 1.931168 10.829649 1.450632 142 7 1.500000 1.675028 4.026695 -6.405541 1.910822 10.261510 1.463834 143 7 1.500000 1.675028 4.026695 -6.253645 1.890475 9.693371 1.477036 144 7 1.500000 1.675028 4.026695 -6.101750 1.870129 9.125231 1.490238 145 7 1.500000 1.675028 4.026695 -5.949854 1.849782 8.557092 1.503440
146 7 1.500000 1.675028 4.026695 -5.797958 1.829436 7.988953 1.516642 147 7 1.500000 1.675028 4.026695 -5.712203 1.821298 7.393239 1.527853 148 7 1.500000 1.675028 4.026695 -5.626449 1.813160 6.797524 1.539065 149 7 1.500000 1.675028 4.026695 -5.540694 1.805022 6.201810 1.550276 150 7 1.500000 1.675028 4.026695 -5.454939 1.796885 5.606096 1.561488
124 10 1.524000 1.728591 3.894227 -0.202809 1.865769 30.982161 -1.801912 125 10 1.524000 1.728591 3.894227 -0.653934 1.864488 30.306336 -1.817339 126 10 1.524000 1.728591 3.894227 -1.105058 1.863208 29.630512 -1.832766 127 10 1.524000 1.728591 3.894227 -1.556183 1.861927 28.954687 -1.848192 128 10 1.524000 1.728591 3.894227 -2.007307 1.860647 28.278863 -1.863619
129 10 1.524000 1.728591 3.894227 -2.176977 1.888670 27.747982 -1.875296 130 10 1.524000 1.728591 3.894227 -2.346646 1.916692 27.217102 -1.886973 131 10 1.524000 1.728591 3.894227 -2.516316 1.944715 26.686222 -1.898650 132 10 1.524000 1.728591 3.894227 -2.361827 1.913223 26.012204 -1.883140 133 10 1.524000 1.728591 3.894227 -2.207339 1.881731 25.338187 -1.867631
134 10 1.524000 1.728591 3.894227 -2.052851 1.850238 24.664169 -1.852121 135 10 1.524000 1.728591 3.894227 -1.898363 1.818746 23.990151 -1.836612 136 10 1.524000 1.728591 3.894227 -1.682119 1.745041 23.465583 -1.832754 137 10 1.524000 1.728591 3.894227 -1.465875 1.671335 22.941015 -1.828896 138 10 1.524000 1.728591 3.894227 -1.249631 1.597630 22.416448 -1.825038
139 10 1.524000 1.728591 3.894227 -0.924009 1.616367 21.796482 -1.810223 140 10 1.524000 1.728591 3.894227 -0.598387 1.635104 21.176517 -1.795408 141 10 1.524000 1.728591 3.894227 -0.272764 1.653841 20.556552 -1.780594 142 10 1.524000 1.728591 3.894227 0.052858 1.672578 19.936587 -1.765779 143 10 1.524000 1.728591 3.894227 0.378480 1.691314 19.316622 -1.750964
144 10 1.524000 1.728591 3.894227 0.628769 1.659900 18.651451 -1.737493 145 10 1.524000 1.728591 3.894227 0.879059 1.628486 17.986280 -1.724021 146 10 1.524000 1.728591 3.894227 1.129349 1.597071 17.321109 -1.710550 147 10 1.524000 1.728591 3.894227 1.379638 1.565657 16.655938 -1.697078 148 10 1.524000 1.728591 3.894227 1.629928 1.534242 15.990767 -1.683607
126 8 1.773438 1.711916 4.314977 -7.982484 1.941643 24.798426 1.392126 127 8 1.773438 1.711916 4.314977 -8.358699 1.964094 24.114420 1.366175 128 8 1.773438 1.711916 4.314977 -8.734915 1.986545 23.430415 1.340225 129 8 1.773438 1.711916 4.314977 -8.969900 2.073401 22.758297 1.274407 130 8 1.773438 1.711916 4.314977 -9.085409 2.213043 22.150763 1.322470
131 8 1.773438 1.711916 4.314977 -9.157546 2.206648 21.535302 1.313593 132 8 1.773438 1.711916 4.314977 -9.229682 2.200252 20.919840 1.304716 133 8 1.773438 1.711916 4.314977 -9.192276 2.251796 20.336583 1.312776 134 8 1.773438 1.711916 4.314977 -9.035030 2.205625 19.786217 1.320836 135 8 1.773438 1.711916 4.314977 -8.843669 2.139648 19.217414 1.328896
136 8 1.773438 1.711916 4.314977 -8.652308 2.073671 18.648612 1.336956 137 8 1.773438 1.711916 4.314977 -8.460948 2.007694 18.079809 1.345016 138 8 1.773438 1.711916 4.314977 -8.204629 1.988389 17.596398 1.359873 139 8 1.773438 1.711916 4.314977 -7.948310 1.969083 17.112986 1.374730 140 8 1.773438 1.711916 4.314977 -7.679040 1.975848 16.565438 1.389587
141 8 1.773438 1.711916 4.314977 -7.409769 1.982614 16.017891 1.404444 142 8 1.773438 1.711916 4.314977 -7.140499 1.989379 15.470344 1.419301 143 8 1.773438 1.711916 4.314977 -6.931953 1.965794 14.934059 1.432977 144 8 1.773438 1.711916 4.314977 -6.723406 1.942209 14.397775 1.446652 145 8 1.773438 1.711916 4.314977 -6.511777 1.905497 13.835784 1.460328
146 8 1.773438 1.711916 4.314977 -6.300147 1.868785 13.273793 1.474003 147 8 1.773438 1.711916 4.314977 -6.088518 1.832073 12.711803 1.487679 148 8 1.773438 1.711916 4.314977 -5.935220 1.837834 12.098386 1.498070 149 8 1.773438 1.711916 4.314977 -5.781922 1.843596 11.484969 1.508461 150 8 1.773438 1.711916 4.314977 -5.628624 1.849357 10.871552 1.518853
126 14 1.365956 1.508586 3.485915 -2.653718 1.896564 34.831527 -1.822336 127 14 1.365956 1.508586 3.485915 -3.124155 1.873219 34.153126 -1.826487 128 14 1.365956 1.508586 3.485915 -3.594592 1.849874 33.474725 -1.830638 129 14 1.365956 1.508586 3.485915 -3.782531 1.910069 32.869018 -1.834788 130 14 1.365956 1.508586 3.485915 -3.970471 1.970264 32.263311 -1.838939
131 14 1.365956 1.508586 3.485915 -4.158410 2.030459 31.657605 -1.843090 132 14 1.365956 1.508586 3.485915 -4.115970 2.040032 31.116158 -1.847240 133 14 1.365956 1.508586 3.485915 -4.073530 2.049605 30.574712 -1.851391 134 14 1.365956 1.508586 3.485915 -4.031091 2.059178 30.033266 -1.855542 135 14 1.365956 1.508586 3.485915 -3.685314 1.913117 29.395300 -1.843363
136 14 1.365956 1.508586 3.485915 -3.339537 1.767055 28.757335 -1.831185 137 14 1.365956 1.508586 3.485915 -2.993760 1.620993 28.119369 -1.819007 138 14 1.365956 1.508586 3.485915 -2.580594 1.589683 27.496960 -1.806829 139 14 1.365956 1.508586 3.485915 -2.167428 1.558373 26.874551 -1.794650 140 14 1.365956 1.508586 3.485915 -1.779458 1.664112 26.328279 -1.779828
141 14 1.365956 1.508586 3.485915 -1.391488 1.769852 25.782008 -1.765006 142 14 1.365956 1.508586 3.485915 -1.043093 1.660802 25.145599 -1.753093 143 14 1.365956 1.508586 3.485915 -0.693419 1.672750 24.507926 -1.741180 144 14 1.365956 1.508586 3.485915 -0.343746 1.684698 23.870253 -1.729267 145 14 1.365956 1.508586 3.485915 0.005928 1.696646 23.232580 -1.717354
146 14 1.365956 1.508586 3.485915 0.355602 1.708595 22.594907 -1.705441 147 14 1.365956 1.508586 3.485915 0.645788 1.575658 21.920870 -1.693527 148 14 1.365956 1.508586 3.485915 0.935975 1.442721 21.246833 -1.681614 149 14 1.365956 1.508586 3.485915 1.139928 1.484550 20.561188 -1.669701 150 14 1.365956 1.508586 3.485915 1.343880 1.526379 19.875544 -1.657788
130 11 1.444000 1.595116 3.791789 -10.413430 2.122375 26.952817 1.248783 131 11 1.444000 1.595116 3.791789 -10.444050 2.117685 26.349305 1.272724 132 11 1.444000 1.595116 3.791789 -10.474670 2.112995 25.745794 1.296665 133 11 1.444000 1.595116 3.791789 -10.420711 2.105750 25.142289 1.280482 134 11 1.444000 1.595116 3.791789 -10.366752 2.098504 24.538784 1.264298
135 11 1.444000 1.595116 3.791789 -10.097880 2.091627 24.048968 1.266217 136 11 1.444000 1.595116 3.791789 -9.829007 2.084749 23.559152 1.268136 137 11 1.444000 1.595116 3.791789 -9.560135 2.077871 23.069336 1.270055 138 11 1.444000 1.595116 3.791789 -9.230859 2.068445 22.555360 1.289079 139 11 1.444000 1.595116 3.791789 -8.901584 2.059020 22.041383 1.308103
140 11 1.444000 1.595116 3.791789 -8.572309 2.049595 21.527407 1.327128 141 11 1.444000 1.595116 3.791789 -8.243033 2.040170 21.013430 1.346152 142 11 1.444000 1.595116 3.791789 -7.913758 2.030745 20.499454 1.365176 143 11 1.444000 1.595116 3.791789 -7.584483 2.021319 19.985477 1.384200 144 11 1.444000 1.595116 3.791789 -7.306895 1.973841 19.422091 1.397672
145 11 1.444000 1.595116 3.791789 -7.029307 1.926363 18.858704 1.411143 146 11 1.444000 1.595116 3.791789 -6.751719 1.878885 18.295317 1.424615 147 11 1.444000 1.595116 3.791789 -6.525227 1.833359 17.667117 1.438086 148 11 1.444000 1.595116 3.791789 -6.298735 1.787832 17.038916 1.451558 149 11 1.444000 1.595116 3.791789 -6.114319 1.809270 16.431840 1.460830
138 12 1.688000 0.800000 0.884000 2.886802 1.375119 18.429316 1.341727 139 12 1.688000 0.800000 0.884000 3.175586 1.388366 17.650029 1.359299 140 12 1.688000 0.800000 0.884000 3.464370 1.401612 16.870741 1.376871 141 12 1.688000 0.800000 0.884000 3.753153 1.414858 16.091454 1.394443 142 12 1.688000 0.800000 0.884000 4.041937 1.428105 15.312166 1.412016
143 12 1.688000 0.800000 0.884000 4.330720 1.441351 14.532878 1.429588 144 12 1.688000 0.800000 0.884000 4.524899 1.430765 13.715595 1.443059 145 12 1.688000 0.800000 0.884000 4.719077 1.420179 12.898312 1.456531 146 12 1.688000 0.800000 0.884000 4.913256 1.409593 12.081029 1.470002 147 12 1.688000 0.800000 0.884000 5.107434 1.399008 11.263746 1.483474
148 12 1.688000 0.800000 0.884000 5.301613 1.388422 10.446463 1.496945 149 12 1.688000 0.800000 0.884000 5.389237 1.410844 9.613096 1.506211 150 12 1.688000 0.800000 0.884000 5.477744 1.433320 8.763753 1.515476 151 12 1.688000 0.800000 0.884000 5.564484 1.455688 7.946364 1.524741 152 12 1.688000 0.800000 0.884000 5.652401 1.478078 7.105003 1.534006
138 13 1.422414 1.512803 3.707634 -10.762107 1.950111 28.166016 1.314590 139 13 1.422414 1.512803 3.707634 -10.355778 1.964566 27.662378 1.334479 140 13 1.422414 1.512803 3.707634 -9.949450 1.979020 27.158740 1.354367 141 13 1.422414 1.512803 3.707634 -9.543121 1.993475 26.655103 1.374256 142 13 1.422414 1.512803 3.707634 -9.136792 2.007929 26.151465 1.394144
143 13 1.422414 1.512803 3.707634 -8.730464 2.022384 25.647828 1.414033 144 13 1.422414 1.512803 3.707634 -8.366892 1.975433 25.085194 1.420748 145 13 1.422414 1.512803 3.707634 -8.003320 1.928483 24.522561 1.427462 146 13 1.422414 1.512803 3.707634 -7.665528 1.861270 23.940039 1.447347 147 13 1.422414 1.512803 3.707634 -7.327736 1.794057 23.357517 1.467231
148 13 1.422414 1.512803 3.707634 -6.989944 1.726844 22.774995 1.487116 149 13 1.422414 1.512803 3.707634 -6.798607 1.759077 22.177755 1.485929 150 13 1.422414 1.512803 3.707634 -6.607269 1.791310 21.580515 1.484741 151 13 1.422414 1.512803 3.707634 -6.415932 1.823542 20.983275 1.483554 152 13 1.422414 1.512803 3.707634 -6.224595 1.855775 20.386035 1.482367
