5 0 2.000000 1.823255 4.433886 -5.021277 1.620613 14.275029 -2.145873
10 0 2.000000 1.823255 4.433886 -5.503235 1.767942 15.096252 -2.152841
15 0 2.000000 1.823255 4.433886 -5.908650 1.781455 15.808708 -2.167082
20 0 2.000000 1.823255 4.433886 -6.196699 2.151953 16.476472 -2.135522
25 0 2.000000 1.823255 4.433886 -6.136993 1.978037 17.197726 -2.036756
30 0 2.000000 1.823255 4.433886 -5.759661 1.741767 18.032184 -1.892695
35 0 2.000000 1.823255 4.433886 -4.740171 1.703393 18.778498 -1.677493
40 0 2.000000 1.823255 4.433886 -3.112573 1.713435 19.269068 -1.475967
45 0 2.000000 1.823255 4.433886 -0.774701 1.784950 19.380053 -1.305020
50 0 2.000000 1.823255 4.433886 2.026856 1.626259 19.175774 -1.144231
55 0 2.000000 1.823255 4.433886 4.935140 1.560686 18.760256 -0.973379
60 0 2.000000 1.823255 4.433886 7.832373 1.522981 18.171520 -0.773803
65 0 2.000000 1.823255 4.433886 10.465927 1.506094 17.714148 -0.607353
70 0 2.000000 1.823255 4.433886 12.636451 1.600024 17.581346 -0.532476
75 0 2.000000 1.823255 4.433886 14.230181 1.607537 18.056696 -0.497456
80 0 2.000000 1.823255 4.433886 15.314873 1.798750 19.459861 -0.595187
85 0 2.000000 1.823255 4.433886 15.694193 1.795710 21.585079 -0.706072
90 0 2.000000 1.823255 4.433886 15.409406 1.836162 24.346102 -0.867779
95 0 2.000000 1.823255 4.433886 14.234796 1.907407 27.235780 -1.048744
100 0 2.000000 1.823255 4.433886 12.199760 2.042771 30.014672 -1.188521
105 0 2.000000 1.823255 4.433886 9.327827 1.953170 32.553722 -1.335369
110 0 2.000000 1.823255 4.433886 6.061219 1.987643 34.423228 -1.499595
115 0 2.000000 1.823255 4.433886 2.436594 1.999936 35.913343 -1.566026
120 0 2.000000 1.823255 4.433886 -1.341077 2.011402 37.074234 -1.675037
125 0 2.000000 1.823255 4.433886 -5.306443 2.022661 37.829787 -1.784435
130 0 2.000000 1.823255 4.433886 -8.565944 2.037432 38.431778 -1.819345
135 0 2.000000 1.823255 4.433886 -9.099519 1.947909 39.343001 -1.814029
140 0 2.000000 1.823255 4.433886 -7.377377 1.800699 40.625628 -1.767317
145 0 2.000000 1.823255 4.433886 -4.894958 1.759441 41.957040 -1.700661
150 0 2.000000 1.823255 4.433886 -2.563318 1.548286 43.039017 -1.645425
5 1 1.739063 0.824591 1.785241 1.895126 1.554621 5.811552 -1.654852
10 1 1.739063 0.824591 1.785241 1.950046 1.634862 5.980300 -1.750818
15 1 1.739063 0.824591 1.785241 1.925884 1.669392 6.326126 -1.786378
20 1 1.739063 0.824591 1.785241 1.779747 1.792479 6.761353 -1.918182
25 1 1.739063 0.824591 1.785241 1.477971 1.747422 7.216373 -2.025242
30 1 1.739063 0.824591 1.785241 0.997298 1.664201 7.655361 -2.007641
35 1 1.739063 0.824591 1.785241 0.502101 1.644600 7.989120 -1.942844
40 1 1.739063 0.824591 1.785241 0.152269 1.664894 8.107548 -1.878464
45 1 1.739063 0.824591 1.785241 0.137309 1.708537 8.007089 -1.836616
50 1 1.739063 0.824591 1.785241 0.474743 1.667415 7.892890 -1.746485
55 1 1.739063 0.824591 1.785241 1.080956 1.642247 7.853299 -1.574651
60 1 1.739063 0.824591 1.785241 2.039147 1.600756 7.871332 -1.280545
65 1 1.739063 0.824591 1.785241 2.982311 1.591726 7.807655 -1.117154
70 1 1.739063 0.824591 1.785241 3.997807 1.616157 8.036273 -1.021579
75 1 1.739063 0.824591 1.785241 4.647763 1.608511 8.309849 -1.016173
80 1 1.739063 0.824591 1.785241 4.930001 1.682712 8.954395 -1.029396
85 1 1.739063 0.824591 1.785241 4.911032 1.706320 9.752810 -1.076036
90 1 1.739063 0.824591 1.785241 4.727437 1.718782 10.560597 -1.137263
95 1 1.739063 0.824591 1.785241 4.493155 1.737732 11.289426 -1.148114
100 1 1.739063 0.824591 1.785241 4.264556 1.757280 11.960378 -1.123425
105 1 1.739063 0.824591 1.785241 4.068226 1.751185 12.381705 -1.106086
110 1 1.739063 0.824591 1.785241 3.843106 1.787559 12.671761 -1.152452
115 1 1.739063 0.824591 1.785241 3.329392 1.771643 12.924461 -1.342369
120 1 1.739063 0.824591 1.785241 2.400394 1.816620 13.263856 -1.515058
125 1 1.739063 0.824591 1.785241 0.890260 1.787120 13.523073 -1.696148
130 1 1.739063 0.824591 1.785241 -0.731944 1.785500 13.550526 -1.803696
135 1 1.739063 0.824591 1.785241 -1.490540 1.813816 13.561603 -1.814950
140 1 1.739063 0.824591 1.785241 -1.337755 1.676647 13.519163 -1.760048
145 1 1.739063 0.824591 1.785241 -0.920979 1.704102 13.481165 -1.724098
150 1 1.739063 0.824591 1.785241 -0.432672 1.638496 13.412023 -1.658943
5 2 1.714062 0.767881 0.972283 6.569396 1.521441 6.974853 -1.833223
10 3 2.195312 1.895275 5.530314 -8.311678 2.084025 39.384424 1.931221
15 3 2.195312 1.895275 5.530314 -6.160918 1.906131 38.164481 1.990003
20 3 2.195312 1.895275 5.530314 -3.953814 2.589610 36.914469 2.048785
25 3 2.195312 1.895275 5.530314 -1.569057 2.104583 35.690693 2.109162
30 3 2.195312 1.895275 5.530314 0.454580 1.605128 33.845943 2.169539
35 3 2.195312 1.895275 5.530314 2.618982 1.562633 31.968018 2.234458
40 3 2.195312 1.895275 5.530314 5.142366 1.664411 29.374409 2.317585
45 3 2.195312 1.895275 5.530314 7.665750 1.766189 26.780800 2.400713
50 3 2.195312 1.895275 5.530314 10.187955 1.553305 23.783608 2.496605
55 3 2.195312 1.895275 5.530314 12.045935 1.556688 20.616012 2.577856
60 3 2.195312 1.895275 5.530314 13.214250 1.502338 17.804735 2.633144
65 3 2.195312 1.895275 5.530314 13.419501 1.491090 15.541125 2.646530
70 3 2.195312 1.895275 5.530314 12.839482 1.542405 13.885386 2.612614
75 3 2.195312 1.895275 5.530314 11.850372 1.593450 12.749261 2.533905
80 3 2.195312 1.895275 5.530314 10.431046 1.764141 11.929410 2.423606
85 3 2.195312 1.895275 5.530314 8.845206 1.701561 11.075702 2.299123
90 3 2.195312 1.895275 5.530314 7.390251 1.696327 9.991331 2.170580
95 3 2.195312 1.895275 5.530314 6.102507 1.688951 8.599550 2.006307
100 3 2.195312 1.895275 5.530314 4.966727 1.761286 6.855090 1.879215
105 3 2.195312 1.895275 5.530314 4.154251 1.770198 4.787923 1.755217
110 3 2.195312 1.895275 5.530314 3.664249 1.773823 2.438529 1.640924
114 5 1.507812 1.687051 4.041130 7.406756 1.844702 19.788199 -0.911464
119 5 1.507812 1.687051 4.041130 5.579728 1.895768 17.409654 -1.002875
124 5 1.507812 1.687051 4.041130 4.048499 1.834549 14.957818 -1.096005
129 5 1.507812 1.687051 4.041130 3.032580 1.696738 12.288390 -1.165905
134 5 1.507812 1.687051 4.041130 2.996962 1.633949 9.212741 -1.164858
139 5 1.507812 1.687051 4.041130 3.447617 1.527966 5.879125 -1.103920
118 4 1.523438 1.697113 4.518535 -7.880355 1.561104 7.979130 -0.045027
122 6 1.460938 1.583189 3.934669 3.078701 1.887502 20.131766 -1.723286
127 6 1.460938 1.583189 3.934669 1.369518 1.759848 17.399992 -1.811505
132 6 1.460938 1.583189 3.934669 0.888883 1.773820 14.449569 -1.838304
137 6 1.460938 1.583189 3.934669 1.387332 1.563315 11.305950 -1.798004
142 6 1.460938 1.583189 3.934669 2.183589 1.573732 8.008580 -1.723703
147 6 1.460938 1.583189 3.934669 2.706560 1.571184 4.517414 -1.655374
152 6 1.460938 1.583189 3.934669 2.886901 1.557323 0.908245 -1.603373
125 9 1.596000 1.698089 3.562650 0.464530 1.839496 25.354851 -1.775021
130 9 1.596000 1.698089 3.562650 -0.975086 1.856101 22.345850 -1.832625
135 9 1.596000 1.698089 3.562650 -0.695396 1.748448 19.296917 -1.818240
140 9 1.596000 1.698089 3.562650 0.562594 1.583073 16.243026 -1.750737
145 9 1.596000 1.698089 3.562650 1.692777 1.612629 12.853442 -1.678790
150 9 1.596000 1.698089 3.562650 2.431149 1.564641 9.360472 -1.617939
126 7 1.500000 1.675028 4.026695 -7.005057 1.765480 19.633874 1.393282
131 7 1.500000 1.675028 4.026695 -7.880686 1.996574 16.213928 1.351100
136 7 1.500000 1.675028 4.026695 -7.487914 1.946714 13.444405 1.379340
141 7 1.500000 1.675028 4.026695 -6.557437 1.931168 10.829649 1.450632
146 7 1.500000 1.675028 4.026695 -5.797958 1.829436 7.988953 1.516642
151 7 1.500000 1.675028 4.026695 -5.369185 1.788747 5.010382 1.572699
129 10 1.524000 1.728591 3.894227 -2.176977 1.888670 27.747982 -1.875296
134 10 1.524000 1.728591 3.894227 -2.052851 1.850238 24.664169 -1.852121
139 10 1.524000 1.728591 3.894227 -0.924009 1.616367 21.796482 -1.810223
144 10 1.524000 1.728591 3.894227 0.628769 1.659900 18.651451 -1.737493
149 10 1.524000 1.728591 3.894227 1.793479 1.551362 15.281022 -1.674341
131 8 1.773438 1.711916 4.314977 -9.157546 2.206648 21.535302 1.313593
136 8 1.773438 1.711916 4.314977 -8.652308 2.073671 18.648612 1.336956
141 8 1.773438 1.711916 4.314977 -7.409769 1.982614 16.017891 1.404444
146 8 1.773438 1.711916 4.314977 -6.300147 1.868785 13.273793 1.474003
151 8 1.773438 1.711916 4.314977 -5.535229 1.856959 10.255014 1.529244
131 14 1.365956 1.508586 3.485915 -4.158410 2.030459 31.657605 -1.843090
136 14 1.365956 1.508586 3.485915 -3.339537 1.767055 28.757335 -1.831185
141 14 1.365956 1.508586 3.485915 -1.391488 1.769852 25.782008 -1.765006
146 14 1.365956 1.508586 3.485915 0.355602 1.708595 22.594907 -1.705441
151 14 1.365956 1.508586 3.485915 1.547833 1.568208 19.189900 -1.645875
135 11 1.444000 1.595116 3.791789 -10.097880 2.091627 24.048968 1.266217
140 11 1.444000 1.595116 3.791789 -8.572309 2.049595 21.527407 1.327128
145 11 1.444000 1.595116 3.791789 -7.029307 1.926363 18.858704 1.411143
150 11 1.444000 1.595116 3.791789 -5.929903 1.830707 15.824764 1.470101
143 12 1.688000 0.800000 0.884000 4.330720 1.441351 14.532878 1.429588
148 12 1.688000 0.800000 0.884000 5.301613 1.388422 10.446463 1.496945
153 12 1.688000 0.800000 0.884000 5.739732 1.500532 6.279632 1.543272
143 13 1.422414 1.512803 3.707634 -8.730464 2.022384 25.647828 1.414033
148 13 1.422414 1.512803 3.707634 -6.989944 1.726844 22.774995 1.487116
153 13 1.422414 1.512803 3.707634 -6.033258 1.888008 19.788795 1.481180
